project: 
OpenFieldOLTSame

sampled videos: 
['VT1.mpg']

video duration: 
10

cropping coordinates: 
[(160, 13), (540, 358)]

object coordinates: 
[[(52, 57), (100, 94)], [(279, 52), (317, 92)]]

objects: 
{'left': 'l', 'right': 'r'}

iteration: 
1

trained frames: 
{'left': [129, 152, 609, 621, 757, 767, 1147, 1159, 1548, 1585, 2019, 2024, 2810, 2825, 3597, 3603, 3763, 3773, 3832, 3848, 4175, 4179, 4325, 4332, 4414, 4420, 4734, 4741, 4834, 4844, 5445, 5454, 5545, 5556, 5586, 5638, 5771, 5783, 7588, 7597, 7732, 7737, 9073, 9081, 9891, 9901, 10735, 10784, 11359, 11377, 11454, 11470, 12446, 12453, 12577, 12626, 12641, 12658, 13963, 13973, 15900, 15942, 15990, 16020, 16741, 16756, 16763, 16783], 'right': [540, 562, 991, 1001, 1084, 1095, 1920, 1925, 1937, 1951, 2208, 2215, 2368, 2375, 2714, 2740, 2874, 2886, 3268, 3277, 4233, 4252, 5339, 5352, 5952, 5959, 6089, 6095, 7905, 7927, 9123, 9135, 9186, 9201, 9263, 9270, 9719, 9728, 9772, 9824, 10558, 10564, 10943, 10946, 10954, 10963, 11145, 11155, 11207, 11213, 11554, 11563, 11663, 11682, 12278, 12326, 12871, 12878, 13568, 13570, 13757, 13761, 14360, 14367, 14399, 14406, 15041, 15093, 15222, 15271, 15832, 15839, 16147, 16160, 16334, 16345, 16827, 16832, 16914, 16921, 17385, 17417, 17886, 17897]}